8,921123e-04 1200000 1 42
3,520466e-04 1200000 1 36
1,653048e-04 1200000 1 44
1,530051e-04 1200000 1 34
1,950137e-04 1200000 1 35
2,109292e-04 1200000 1 35
4,500943e-04 1200000 1 36
3,004887e-04 1200000 1 48
5,539008e-05 1200000 1 49
6,149829e-06 1200000 1 41
3,482352e-04 1200000 2 18
1,907696e-04 1200000 2 18
2,548643e-04 1200000 2 18
1,890802e-04 1200000 2 18
3,904185e-05 1200000 2 18
1,960747e-04 1200000 2 18
8,751358e-04 1200000 2 18
1,646765e-04 1200000 2 20
4,159665e-05 1200000 2 18
4,027763e-06 1200000 2 18
5,897180e-04 1200000 3 13
5,296718e-04 1200000 3 13
1,569913e-05 1200000 3 13
4,305630e-04 1200000 3 13
5,525818e-04 1200000 3 12
1,007765e-03 1200000 3 13
5,869676e-04 1200000 3 12
5,211835e-04 1200000 3 12
9,604512e-04 1200000 3 12
2,427602e-04 1200000 3 12
5,689300e-04 1200000 4 9
2,024409e-04 1200000 4 10
2,697187e-04 1200000 4 9
8,254420e-05 1200000 4 9
6,119996e-04 1200000 4 9
3,841356e-05 1200000 4 9
2,045630e-04 1200000 4 9
5,326802e-05 1200000 4 9
3,997931e-04 1200000 4 9
2,512484e-04 1200000 4 10
7,456898e-04 1200000 5 7
2,654746e-04 1200000 5 7
2,739629e-04 1200000 5 8
3,026108e-04 1200000 5 7
3,456804e-04 1200000 5 7
4,002258e-04 1200000 5 8
9,398588e-04 1200000 5 7
5,349770e-04 1200000 5 7
4,140192e-04 1200000 5 8
2,474370e-04 1200000 5 8
5,296718e-04 1200000 6 6
1,631827e-04 1200000 6 6
4,761874e-04 1200000 6 6
7,132305e-04 1200000 6 6
5,271170e-04 1200000 6 6
7,393236e-04 1200000 6 6
1,918306e-04 1200000 6 6
2,654746e-04 1200000 6 6
4,012868e-04 1200000 6 6
1,048259e-04 1200000 6 6
7,972050e-04 1199996 7 5
2,900296e-04 1199996 7 5
1,609109e-04 1199996 7 6
7,921113e-05 1199996 7 5
2,583148e-05 1199996 7 6
2,500380e-04 1199996 7 5
4,852603e-04 1199996 7 6
9,915933e-06 1199996 7 5
2,288173e-04 1199996 7 6
6,893071e-04 1199996 7 6
3,382531e-04 1200000 8 5
4,666381e-04 1200000 8 6
2,629198e-04 1200000 8 5
1,508830e-04 1200000 8 5
2,644136e-04 1200000 8 6
7,142915e-04 1200000 8 5
3,959817e-04 1200000 8 5
4,755591e-04 1200000 8 7
1,971358e-04 1200000 8 5
1,536334e-04 1200000 8 5
1,300406e-04 1199997 9 5
3,177164e-04 1199997 9 6
2,128014e-04 1199997 9 8
3,230216e-04 1199997 9 6
3,284543e-04 1199997 9 7
3,454309e-04 1199997 9 6
1,882700e-04 1199997 9 7
5,649377e-04 1199997 9 7
7,486680e-05 1199997 9 9
5,797922e-04 1199997 9 7
4,284409e-04 1200000 10 7
1,901413e-04 1200000 10 7
1,097953e-03 1200000 10 5
4,766202e-04 1200000 10 6
8,267610e-04 1200000 10 7
3,399468e-06 1200000 10 7
6,582567e-06 1200000 10 6
4,687602e-04 1200000 10 6
1,653048e-04 1200000 10 5
5,965169e-04 1200000 10 7
3,141298e-04 1199990 11 6
3,055186e-04 1199990 11 6
2,409179e-04 1199990 11 7
1,475462e-04 1199990 11 6
3,491442e-04 1199990 11 5
3,914630e-04 1199990 11 7
7,208940e-05 1199990 11 5
4,678580e-04 1199990 11 7
1,951703e-04 1199990 11 6
6,142818e-04 1199990 11 6
2,272774e-04 1200000 12 5
2,966730e-06 1200000 12 6
5,334832e-04 1200000 12 5
4,040372e-04 1200000 12 6
3,043001e-04 1200000 12 8
2,788353e-04 1200000 12 5
3,764503e-04 1200000 12 6
1,784699e-04 1200000 12 4
5,313611e-04 1200000 12 4
7,873281e-05 1200000 12 6
2,984416e-04 1199991 13 6
2,044892e-05 1199991 13 5
2,453896e-04 1199991 13 6
5,530915e-04 1199991 13 5
4,485286e-05 1199991 13 6
5,312924e-04 1199991 13 6
6,681666e-04 1199991 13 5
1,477738e-04 1199991 13 6
7,719003e-07 1199991 13 6
6,077105e-06 1199991 13 5
6,200119e-04 1199996 14 4
1,863758e-04 1199996 14 5
3,549714e-06 1199996 14 5
3,547528e-04 1199996 14 5
4,937486e-04 1199996 14 5
2,309394e-04 1199996 14 6
3,508365e-04 1199996 14 5
5,068088e-04 1199996 14 6
3,611190e-04 1199996 14 7
6,097294e-04 1199996 14 5
7,777788e-05 12000000 1 358
2,630945e-05 12000000 1 355
2,346963e-04 12000000 1 356
8,498458e-05 12000000 1 355
1,793562e-05 12000000 1 356
1,538082e-05 12000000 1 356
6,048304e-05 12000000 1 356
2,084888e-04 12000000 1 357
1,572492e-04 12000000 1 358
3,567151e-04 12000000 1 356
8,361356e-05 12000000 2 198
6,302952e-05 12000000 2 179
2,608061e-04 12000000 2 177
7,925500e-05 12000000 2 179
5,645112e-05 12000000 2 178
1,253122e-04 12000000 2 179
3,437331e-05 12000000 2 178
1,267976e-04 12000000 2 179
2,918257e-05 12000000 2 178
6,345393e-05 12000000 2 180
3,051572e-04 12000000 3 119
3,300229e-05 12000000 3 119
1,782577e-04 12000000 3 120
1,686626e-05 12000000 3 119
1,212719e-04 12000000 3 120
6,080135e-05 12000000 3 119
2,777826e-04 12000000 3 121
1,377179e-04 12000000 3 119
1,073807e-04 12000000 3 141
3,623469e-04 12000000 3 120
5,347190e-05 12000000 4 89
5,464736e-05 12000000 4 89
7,320711e-05 12000000 4 90
1,243489e-04 12000000 4 90
1,573470e-04 12000000 4 89
1,857910e-04 12000000 4 90
1,238267e-04 12000000 4 92
1,741113e-04 12000000 4 89
1,465328e-04 12000000 4 90
7,342764e-05 12000000 4 90
1,610606e-04 12000000 5 71
9,765666e-06 12000000 5 66
3,906765e-04 12000000 5 65
1,859949e-04 12000000 5 69
1,443046e-04 12000000 5 69
1,676848e-05 12000000 5 66
1,083273e-04 12000000 5 68
1,542784e-04 12000000 5 67
2,663609e-05 12000000 5 70
2,043591e-04 12000000 5 66
4,435534e-05 12000000 6 55
3,967847e-05 12000000 6 54
2,596389e-04 12000000 6 58
1,416521e-04 12000000 6 53
2,085949e-04 12000000 6 55
9,230570e-05 12000000 6 53
1,633949e-04 12000000 6 55
5,920980e-05 12000000 6 57
6,971403e-05 12000000 6 58
1,019008e-05 12000000 6 51
1,667909e-04 11999995 7 47
2,390544e-04 11999995 7 50
1,628650e-04 11999995 7 47
8,524107e-07 11999995 7 64
2,464745e-04 11999995 7 53
1,214847e-04 11999995 7 45
1,149063e-04 11999995 7 44
2,816018e-04 11999995 7 48
7,979330e-05 11999995 7 44
6,662931e-05 11999995 7 69
2,545376e-04 12000000 8 43
2,136879e-04 12000000 8 43
8,541732e-05 12000000 8 46
1,053564e-04 12000000 8 43
2,378794e-04 12000000 8 38
1,315265e-05 12000000 8 44
6,556767e-05 12000000 8 46
8,169537e-05 12000000 8 46
6,991791e-05 12000000 8 38
1,521563e-04 12000000 8 44
4,280628e-04 11999997 9 48
3,635148e-05 11999997 9 49
2,765101e-05 11999997 9 51
1,374679e-04 11999997 9 43
1,011806e-04 11999997 9 47
2,709237e-04 11999997 9 47
1,983491e-04 11999997 9 47
1,173551e-05 11999997 9 43
8,972145e-05 11999997 9 43
2,496192e-04 11999997 9 44
8,742495e-05 12000000 10 54
2,103987e-04 12000000 10 55
6,769806e-05 12000000 10 47
1,709366e-04 12000000 10 57
3,649537e-05 12000000 10 56
1,209994e-05 12000000 10 51
3,011253e-04 12000000 10 57
9,580711e-05 12000000 10 59
9,995347e-05 12000000 10 50
1,561882e-04 12000000 10 53
1,287908e-04 11999999 11 50
1,247589e-04 11999999 11 48
1,045304e-04 11999999 11 56
1,958481e-04 11999999 11 50
2,400932e-04 11999999 11 65
2,554781e-04 11999999 11 47
2,029942e-04 11999999 11 49
1,525579e-04 11999999 11 55
1,801895e-05 11999999 11 47
1,250158e-05 11999999 11 44
7,113083e-06 12000000 12 54
1,359225e-04 12000000 12 54
1,033404e-04 12000000 12 58
7,385606e-07 12000000 12 52
1,122614e-04 12000000 12 48
2,567741e-04 12000000 12 51
7,035065e-05 12000000 12 55
6,079303e-05 12000000 12 57
2,386908e-05 12000000 12 54
1,158606e-04 12000000 12 53
1,161450e-05 11999988 13 50
7,241175e-05 11999988 13 50
4,727288e-05 11999988 13 46
1,200598e-04 11999988 13 41
5,798933e-05 11999988 13 42
1,388325e-04 11999988 13 46
4,515082e-05 11999988 13 47
2,908787e-04 11999988 13 48
2,431321e-04 11999988 13 49
9,479957e-05 11999988 13 52
1,292908e-04 11999988 14 50
6,211972e-05 11999988 14 52
1,587799e-04 11999988 14 49
1,200598e-04 11999988 14 47
1,030756e-04 11999988 14 45
7,761082e-05 11999988 14 46
2,600026e-04 11999988 14 48
7,104005e-05 11999988 14 51
1,632439e-04 11999988 14 46
1,158157e-04 11999988 14 45
7,102138e-05 120000000 1 3564
4,261753e-05 120000000 1 3573
2,535224e-05 120000000 1 3679
4,714814e-05 120000000 1 3557
4,733023e-07 120000000 1 3555
6,770868e-05 120000000 1 3558
6,139553e-05 120000000 1 3553
2,845274e-05 120000000 1 3552
1,487984e-05 120000000 1 3550
4,006044e-05 120000000 1 3550
3,292802e-05 120000000 2 1780
5,711124e-05 120000000 2 1750
6,609819e-05 120000000 2 1775
9,028746e-05 120000000 2 1781
1,022191e-05 120000000 2 1781
4,681694e-05 120000000 2 1778
2,685891e-05 120000000 2 1776
3,085068e-05 120000000 2 1777
1,000512e-04 120000000 2 1784
3,013750e-05 120000000 2 1755
5,106107e-05 120000000 3 1183
1,969359e-06 120000000 3 1183
1,486923e-05 120000000 3 1184
7,749703e-06 120000000 3 1185
2,213731e-05 120000000 3 1180
1,561424e-05 120000000 3 1184
4,299950e-05 120000000 3 1181
3,706604e-05 120000000 3 1184
3,396783e-05 120000000 3 1183
1,865712e-05 120000000 3 1189
8,971450e-05 120000000 4 871
4,516401e-05 120000000 4 886
1,583477e-05 120000000 4 855
9,986858e-05 120000000 4 879
2,167046e-05 120000000 4 888
5,699453e-05 120000000 4 888
5,184289e-06 120000000 4 882
2,164923e-05 120000000 4 885
4,172398e-05 120000000 4 888
8,448589e-05 120000000 4 884
3,857997e-06 120000000 5 645
1,415002e-05 120000000 5 641
3,602623e-05 120000000 5 632
3,189547e-06 120000000 5 640
3,739496e-05 120000000 5 651
3,851966e-05 120000000 5 654
7,204830e-05 120000000 5 641
1,112379e-05 120000000 5 645
2,309224e-05 120000000 5 638
1,142316e-05 120000000 5 668
9,708868e-05 120000000 6 499
8,612821e-05 120000000 6 505
8,866073e-06 120000000 6 515
3,322739e-05 120000000 6 501
8,902711e-05 120000000 6 507
7,272238e-06 120000000 6 504
1,743693e-05 120000000 6 497
2,206532e-05 120000000 6 499
3,873415e-05 120000000 6 505
2,048210e-05 120000000 6 524
9,207833e-05 119999999 7 423
6,191316e-05 119999999 7 435
1,535015e-04 119999999 7 451
3,308489e-05 119999999 7 437
5,795173e-05 119999999 7 439
3,934499e-05 119999999 7 418
3,496292e-05 119999999 7 433
1,480330e-05 119999999 7 416
7,393514e-06 119999999 7 428
3,885314e-05 119999999 7 411
8,419713e-05 120000000 8 408
5,961528e-05 120000000 8 377
1,738388e-05 120000000 8 379
5,772664e-05 120000000 8 399
1,823271e-05 120000000 8 380
3,235734e-05 120000000 8 385
1,425384e-05 120000000 8 392
7,635609e-05 120000000 8 434
4,120970e-06 120000000 8 394
1,780830e-05 120000000 8 371
1,641933e-06 119999997 9 387
2,745687e-05 119999997 9 385
1,610102e-06 119999997 9 370
3,634197e-07 119999997 9 365
5,066273e-07 119999997 9 409
5,306493e-05 119999997 9 389
2,159996e-05 119999997 9 398
6,633047e-08 119999997 9 381
3,689479e-05 119999997 9 391
1,723912e-05 119999997 9 376
6,533425e-05 120000000 10 443
1,558241e-05 120000000 10 383
1,500945e-05 120000000 10 404
1,777875e-05 120000000 10 379
2,273149e-05 120000000 10 389
1,837064e-05 120000000 10 382
6,799515e-05 120000000 10 362
2,795406e-05 120000000 10 366
3,422974e-06 120000000 10 392
3,329938e-05 120000000 10 397
6,246871e-06 119999990 11 378
7,482896e-06 119999990 11 374
4,848121e-05 119999990 11 393
1,911720e-05 119999990 11 368
1,156182e-04 119999990 11 375
6,203599e-05 119999990 11 402
2,981242e-05 119999990 11 383
3,280975e-05 119999990 11 363
2,846490e-05 119999990 11 398
7,539439e-05 119999990 11 377
9,882877e-05 120000000 12 368
6,618079e-05 120000000 12 389
3,494626e-05 120000000 12 383
6,827102e-05 120000000 12 376
8,130279e-05 120000000 12 410
8,386323e-06 120000000 12 391
7,210364e-05 120000000 12 385
4,164971e-05 120000000 12 396
5,341885e-05 120000000 12 355
2,474974e-05 120000000 12 362
5,820033e-05 119999997 13 354
7,084250e-05 119999997 13 355
4,690560e-05 119999997 13 353
3,781788e-05 119999997 13 356
9,840287e-05 119999997 13 356
3,780194e-05 119999997 13 356
3,424220e-05 119999997 13 444
1,271384e-05 119999997 13 380
8,245020e-05 119999997 13 367
5,154765e-05 119999997 13 385
1,041590e-05 119999992 14 383
3,611412e-05 119999992 14 381
6,751697e-05 119999992 14 435
2,929856e-05 119999992 14 402
2,946144e-05 119999992 14 367
4,567403e-05 119999992 14 373
1,429928e-05 119999992 14 377
6,964276e-05 119999992 14 382
2,008796e-06 119999992 14 385
5,354774e-06 119999992 14 420
