3,042928e-05 160000000 1 4655
4,224654e-05 160000000 1 4688
2,866266e-05 160000000 1 4697
7,744031e-06 160000000 1 4750
1,590072e-05 160000000 1 4749
1,042351e-05 160000000 1 4737
9,086605e-06 160000000 1 4740
6,428382e-05 160000000 1 4740
6,275194e-07 160000000 1 4729
5,608506e-05 160000000 1 4731
8,372693e-06 160000000 2 2375
2,257499e-05 160000000 2 2371
4,267058e-05 160000000 2 2418
3,018488e-05 160000000 2 2414
1,122952e-05 160000000 2 2412
2,495435e-05 160000000 2 2367
4,182478e-05 160000000 2 2375
1,578931e-05 160000000 2 2599
9,317045e-05 160000000 2 2367
1,270125e-04 160000000 2 2369
5,520004e-05 159999999 3 1578
1,882292e-05 159999999 3 1647
9,738180e-05 159999999 3 1579
9,942077e-06 159999999 3 1579
3,840920e-05 159999999 3 1578
2,239025e-05 159999999 3 1578
6,687180e-05 159999999 3 1578
6,064088e-05 159999999 3 1580
2,637708e-05 159999999 3 1579
5,523187e-05 159999999 3 1578
1,942372e-05 160000000 4 1182
3,454805e-06 160000000 4 1181
8,507513e-05 160000000 4 1183
5,394671e-05 160000000 4 1180
9,423678e-05 160000000 4 1183
4,701551e-05 160000000 4 1183
4,341633e-05 160000000 4 1182
2,874453e-05 160000000 4 1184
5,758907e-05 160000000 4 1185
3,657495e-05 160000000 4 1182
2,879562e-06 160000000 5 860
7,360006e-05 160000000 5 865
3,570527e-05 160000000 5 849
2,150298e-05 160000000 5 841
6,267407e-05 160000000 5 860
2,782710e-05 160000000 5 856
6,387798e-05 160000000 5 849
2,785097e-05 160000000 5 853
2,758837e-05 160000000 5 866
2,590361e-05 160000000 5 844
4,095851e-05 159999996 6 659
6,406003e-06 159999996 6 662
4,198509e-05 159999996 6 808
1,464224e-05 159999996 6 831
6,008083e-06 159999996 6 748
3,900094e-05 159999996 6 708
5,576788e-05 159999996 6 694
1,503217e-05 159999996 6 671
5,384210e-05 159999996 6 686
6,310478e-06 159999996 6 706
2,525446e-05 159999994 7 558
1,522660e-05 159999994 7 625
2,042411e-05 159999994 7 771
6,864696e-05 159999994 7 574
2,786460e-05 159999994 7 548
2,538865e-05 159999994 7 554
5,606781e-06 159999994 7 543
4,657326e-05 159999994 7 569
4,850795e-06 159999994 7 584
1,973178e-05 159999994 7 611
2,394600e-05 160000000 8 503
6,039249e-05 160000000 8 521
8,977481e-06 160000000 8 570
3,627823e-05 160000000 8 498
4,228065e-05 160000000 8 498
2,649020e-05 160000000 8 515
1,488213e-05 160000000 8 560
5,722530e-05 160000000 8 607
6,803192e-05 160000000 8 492
1,374417e-05 160000000 8 522
1,219641e-05 159999993 9 507
3,830346e-05 159999993 9 480
1,766338e-05 159999993 9 489
5,597115e-06 159999993 9 507
5,086874e-05 159999993 9 501
2,163198e-05 159999993 9 554
9,411197e-06 159999993 9 548
1,841705e-05 159999993 9 504
8,130149e-05 159999993 9 514
9,563903e-05 159999993 9 494
2,903100e-05 160000000 10 565
8,378826e-05 160000000 10 502
1,763551e-05 160000000 10 469
1,388513e-05 160000000 10 475
3,149791e-05 160000000 10 494
1,586093e-05 160000000 10 468
5,141847e-06 160000000 10 459
2,338896e-05 160000000 10 478
6,900277e-05 160000000 10 476
1,906562e-05 160000000 10 486
2,875477e-05 159999994 11 471
1,805956e-05 159999994 11 465
4,465435e-05 159999994 11 465
1,966703e-05 159999994 11 466
2,134611e-05 159999994 11 484
1,038939e-05 159999994 11 462
4,431508e-08 159999994 11 472
1,517886e-05 159999994 11 524
4,564907e-05 159999994 11 492
2,932883e-05 159999994 11 495
1,225492e-05 159999996 12 508
6,666999e-05 159999996 12 477
3,885770e-05 159999996 12 571
4,684727e-05 159999996 12 486
5,382622e-05 159999996 12 467
7,352974e-06 159999996 12 463
2,506706e-06 159999996 12 458
5,164594e-06 159999996 12 482
3,930330e-05 159999996 12 459
1,203213e-05 159999996 12 462
2,027941e-04 16000000 1 465
5,018270e-05 16000000 1 466
2,975055e-06 16000000 1 475
1,076194e-04 16000000 1 474
4,397565e-05 16000000 1 474
2,263069e-05 16000000 1 473
1,222003e-04 16000000 1 474
2,159244e-04 16000000 1 474
8,997143e-05 16000000 1 473
2,337679e-04 16000000 1 474
7,952858e-05 16000000 2 237
2,161017e-04 16000000 2 237
6,958140e-05 16000000 2 237
5,294971e-05 16000000 2 238
1,629258e-04 16000000 2 237
6,952002e-05 16000000 2 238
1,612546e-04 16000000 2 238
5,334759e-05 16000000 2 239
1,572758e-04 16000000 2 238
1,411215e-04 16000000 2 238
1,045512e-04 15999999 3 159
1,048695e-04 15999999 3 159
9,318833e-08 15999999 3 158
2,770657e-05 15999999 3 160
8,317207e-05 15999999 3 158
9,407419e-05 15999999 3 159
1,706277e-04 15999999 3 158
1,539688e-04 15999999 3 159
1,744998e-04 15999999 3 158
8,421602e-06 15999999 3 160
1,711223e-04 16000000 4 119
2,035103e-04 16000000 4 119
1,277707e-04 16000000 4 119
8,215464e-05 16000000 4 119
1,843503e-04 16000000 4 119
2,650419e-04 16000000 4 119
2,035285e-04 16000000 4 119
5,460157e-06 16000000 4 119
1,930664e-05 16000000 4 119
1,502730e-04 16000000 4 119
6,132354e-05 16000000 5 89
1,451379e-05 16000000 5 95
4,664382e-06 16000000 5 91
6,299467e-05 16000000 5 91
2,367919e-04 16000000 5 94
1,046137e-04 16000000 5 91
2,580391e-04 16000000 5 93
7,501087e-05 16000000 5 95
2,371898e-04 16000000 5 93
2,258102e-04 16000000 5 93
4,587859e-05 15999996 6 72
2,115589e-04 15999996 6 71
1,149678e-05 15999996 6 70
1,041250e-04 15999996 6 73
7,723212e-05 15999996 6 67
1,093019e-04 15999996 6 71
6,290817e-05 15999996 6 75
3,298704e-05 15999996 6 77
2,638211e-05 15999996 6 71
5,057366e-05 15999996 6 75
1,353648e-04 15999998 7 55
1,666318e-04 15999998 7 60
9,223377e-05 15999998 7 59
4,766344e-05 15999998 7 58
8,005841e-05 15999998 7 59
7,011123e-05 15999998 7 58
1,034854e-05 15999998 7 59
8,013106e-05 15999998 7 57
3,222541e-05 15999998 7 55
1,441979e-04 15999998 7 61
5,565534e-05 16000000 8 56
1,405452e-05 16000000 8 52
1,342779e-04 16000000 8 51
1,152589e-04 16000000 8 53
3,571744e-04 16000000 8 59
1,708835e-04 16000000 8 54
1,462327e-04 16000000 8 52
1,615730e-04 16000000 8 55
8,653140e-05 16000000 8 55
1,279299e-04 16000000 8 55
1,403044e-04 15999993 9 49
5,619100e-05 15999993 9 71
2,674732e-05 15999993 9 53
4,942691e-05 15999993 9 60
1,106830e-04 15999993 9 56
7,186776e-05 15999993 9 55
9,558577e-06 15999993 9 58
6,524428e-05 15999993 9 62
2,239404e-04 15999993 9 74
1,738861e-04 15999993 9 57
9,759267e-05 16000000 10 53
2,082849e-04 16000000 10 70
1,403258e-04 16000000 10 66
3,275523e-05 16000000 10 62
1,255426e-04 16000000 10 68
2,748492e-05 16000000 10 73
5,151731e-05 16000000 10 60
1,865182e-05 16000000 10 62
1,522999e-05 16000000 10 54
6,554115e-05 16000000 10 60
1,839583e-04 15999995 11 67
6,470656e-06 15999995 11 68
2,894133e-05 15999995 11 64
1,009291e-04 15999995 11 60
1,747771e-04 15999995 11 57
7,737420e-05 15999995 11 64
2,318193e-05 15999995 11 53
3,093724e-04 15999995 11 55
7,832913e-05 15999995 11 66
1,183864e-04 15999995 11 71
3,943281e-05 15999996 12 74
1,403327e-04 15999996 12 72
9,268611e-06 15999996 12 52
1,102524e-04 15999996 12 60
1,735166e-04 15999996 12 56
1,500252e-05 15999996 12 53
2,471098e-05 15999996 12 53
1,232279e-04 15999996 12 56
1,228257e-04 15999996 12 57
1,471807e-04 15999996 12 60
9,366757e-04 1600000 1 53
5,164089e-04 1600000 1 50
3,731695e-04 1600000 1 47
2,949255e-05 1600000 1 47
4,264864e-04 1600000 1 44
2,991624e-04 1600000 1 47
4,212717e-05 1600000 1 52
8,577963e-04 1600000 1 48
2,808596e-04 1600000 1 48
3,691906e-04 1600000 1 48
1,472672e-04 1600000 2 24
1,320497e-04 1600000 2 24
2,077461e-04 1600000 2 24
3,142821e-04 1600000 2 23
4,859115e-05 1600000 2 23
2,825489e-04 1600000 2 24
2,073903e-05 1600000 2 24
2,825489e-04 1600000 2 26
3,644159e-04 1600000 2 25
1,479652e-04 1600000 2 24
2,751186e-04 1599999 3 16
1,095973e-04 1599999 3 16
3,312622e-04 1599999 3 16
4,812243e-04 1599999 3 16
8,695626e-04 1599999 3 16
8,493118e-04 1599999 3 16
5,600061e-04 1599999 3 16
1,811214e-06 1599999 3 17
2,620297e-04 1599999 3 16
5,146469e-04 1599999 3 17
1,265771e-04 1600000 4 12
1,821835e-04 1600000 4 13
3,072179e-04 1600000 4 12
6,914793e-04 1600000 4 12
3,151757e-04 1600000 4 12
5,976757e-04 1600000 4 12
3,987320e-04 1600000 4 12
1,347928e-05 1600000 4 12
9,942295e-05 1600000 4 12
3,064222e-04 1600000 4 12
1,813877e-04 1600000 5 9
7,837892e-04 1600000 5 9
1,917328e-04 1600000 5 9
3,589433e-04 1600000 5 10
1,393095e-04 1600000 5 10
1,329433e-04 1600000 5 10
7,742399e-04 1600000 5 9
7,472813e-04 1600000 5 9
3,938596e-04 1600000 5 9
1,039396e-05 1600000 5 9
1,110840e-03 1599996 6 8
7,407102e-05 1599996 6 8
1,106767e-04 1599996 6 8
1,082894e-04 1599996 6 8
3,357540e-04 1599996 6 9
1,097534e-04 1599996 6 8
7,964146e-05 1599996 6 8
4,837684e-04 1599996 6 8
5,212975e-04 1599996 6 8
1,138599e-04 1599996 6 8
1,605122e-04 1599997 7 7
9,095305e-05 1599997 7 7
1,568096e-05 1599997 7 7
7,621190e-04 1599997 7 8
5,660314e-04 1599997 7 7
8,238629e-04 1599997 7 7
7,446120e-04 1599997 7 8
4,565410e-04 1599997 7 7
1,123401e-03 1599997 7 7
4,188128e-04 1599997 7 8
1,049934e-04 1600000 8 6
6,112039e-04 1600000 8 7
1,329433e-04 1600000 8 6
9,952073e-05 1600000 8 7
5,785771e-04 1600000 8 6
2,722038e-04 1600000 8 6
3,612328e-04 1600000 8 6
5,888244e-04 1600000 8 9
1,472672e-04 1600000 8 6
4,337461e-04 1600000 8 6
7,355883e-05 1599993 9 7
5,048706e-04 1599993 9 8
1,086744e-04 1599993 9 8
1,276718e-04 1599993 9 8
7,849845e-04 1599993 9 8
2,511187e-04 1599993 9 6
8,049803e-04 1599993 9 9
3,345741e-04 1599993 9 8
6,377656e-04 1599993 9 8
1,357308e-04 1599993 9 9
9,693025e-04 1600000 10 6
1,957117e-04 1600000 10 9
2,896131e-04 1600000 10 7
7,925427e-04 1600000 10 9
4,154433e-04 1600000 10 7
1,408032e-04 1600000 10 8
5,973199e-05 1600000 10 8
7,468856e-07 1600000 10 8
4,472743e-04 1600000 10 8
3,947531e-04 1600000 10 8
2,421942e-04 1599994 11 7
1,904686e-04 1599994 11 8
6,854424e-04 1599994 11 8
4,907171e-04 1599994 11 9
1,198847e-04 1599994 11 8
2,193569e-04 1599994 11 7
1,395389e-04 1599994 11 6
4,007942e-04 1599994 11 6
1,220318e-04 1599994 11 7
2,742655e-04 1599994 11 6
4,368176e-04 1599996 12 6
2,768665e-04 1599996 12 7
1,861480e-04 1599996 12 6
3,277962e-04 1599996 12 6
2,474228e-04 1599996 12 8
5,267404e-04 1599996 12 6
2,108170e-04 1599996 12 6
2,044508e-04 1599996 12 6
7,258121e-04 1599996 12 7
6,524731e-04 1599996 12 7
2,337941e-04 1599990 14 73
3,428160e-04 1599990 14 6
4,048868e-04 1599990 14 8
1,927438e-04 1599990 14 8
1,002517e-03 1599990 14 7
8,498334e-05 1599990 14 7
5,984856e-05 1599990 14 12
9,714444e-06 1599990 14 8
2,866458e-04 1599990 14 9
2,544844e-04 1599990 14 10
7,511768e-05 15999998 14 63
3,246415e-05 15999998 14 64
1,718527e-05 15999998 14 61
1,088585e-04 15999998 14 55
1,528234e-05 15999998 14 55
1,496403e-05 15999998 14 56
1,819176e-04 15999998 14 52
1,882042e-04 15999998 14 60
6,331532e-07 15999998 14 74
3,106670e-04 15999998 14 72
4,874463e-05 159999994 14 555
9,918785e-06 159999994 14 463
1,132044e-05 159999994 14 460
1,920548e-05 159999994 14 511
2,270002e-05 159999994 14 492
9,378753e-06 159999994 14 501
3,750143e-05 159999994 14 492
4,406657e-05 159999994 14 470
1,147164e-05 159999994 14 471
3,173207e-05 159999994 14 462
